labels,necessary,functional,analytics,advertising
2,0.022444415038297593,0.02531081495035965,0.7601088364463295,0.19213593356501327
3,0.01764465486713948,0.007309390696468191,0.03326464172834648,0.9417813127080458
3,0.04460785895586987,0.03007865809204941,0.02109565395637008,0.9042178289957106
2,0.5727263970080246,0.027605066406282613,0.22448905051168228,0.17517948607401035
0,0.901707656804349,0.02802748991269252,0.05632602700204911,0.013938826280909526
1,0.009184343421260961,0.8614191528261158,0.006691662618611466,0.12270484113401194
2,0.01433799072678667,0.006240952169602108,0.9666713968734704,0.012749660230140871
0,0.9550630954227143,0.01478114125274662,0.012532500133420969,0.017623263191118337
1,0.05842614735251644,0.031758488975674494,0.04789303905421248,0.8619223246175965
2,0.01658288084729695,0.005132011511172384,0.9650841749366688,0.013200932704862023
3,0.006705310958587048,0.009222471392146362,0.01194049667578594,0.9721317209734807
2,0.032376921306464856,0.034595724444492285,0.15519757456045835,0.7778297796885846
0,0.3325846412566833,0.038989420642683736,0.5565964455996449,0.07182949250098808
0,0.9386832774612199,0.020808433007431754,0.02295662277776882,0.017551666753579522
0,0.9398308393280411,0.01896137314455838,0.016686242529249756,0.024521544998150752
2,0.047267535439973654,0.034823502745393475,0.8758709316286215,0.042038030186011356
3,0.007328001583912896,0.00908556962138747,0.016830920859755533,0.9667555079349441
3,0.009909911304702498,0.012864308643756556,0.03181556331565237,0.9454102167358884
2,0.02085127818655897,0.006816634401884668,0.9569636859168514,0.01536840149470512
0,0.1064324907741843,0.40354853044354233,0.10144458168894509,0.3885743970933282
3,0.014867852106977903,0.012994846420978621,0.013508756878087105,0.9586285445939564
3,0.04371894435023223,0.533173753269709,0.028198420183469224,0.3949088821965896
3,0.2145560896889534,0.05040412812629323,0.0794364706787295,0.6556033115060238
3,0.2578168851836559,0.16662239851860589,0.3686166947830392,0.206944021514699
3,0.012007280616086557,0.0085963184748009,0.01596447212957003,0.9634319287795424
2,0.06224347970032331,0.0171596905954368,0.908602467904968,0.011994361799271963
3,0.03302817320434074,0.019790648822377008,0.03629972556863455,0.9108814524046476
3,0.018622787427224247,0.025047655409193407,0.05096596075751647,0.9053635964060658
3,0.7377076766882077,0.03624705432825982,0.13931775086623507,0.0867275181172975
3,0.006176840807470185,0.005528580380746165,0.006830844822802874,0.9814637339889807
3,0.01670962674505126,0.00861589069691574,0.03423998519954707,0.9404344973584859
0,0.896381080793033,0.04286237650821553,0.038538770327577444,0.022217772371174033
3,0.006841098861570206,0.009341869811658101,0.012220554810715932,0.9715964765160559
2,0.006559430426460121,0.003905830435439298,0.978006850686839,0.011527888451261431
3,0.6379605145315367,0.031823658947798115,0.18709029125834914,0.143125535262316
1,0.1567710237082791,0.3051817171336894,0.18182643429607664,0.35622082486195483
2,0.018194228146912027,0.009799233113754847,0.9386402152052936,0.03336632353403948
0,0.45373710419234,0.09822089323037207,0.09215548927280237,0.35588651330448556
0,0.009695719214339697,0.006108195135032829,0.9715282862599802,0.012667799390647312
3,0.008755707688912968,0.014491189111908274,0.018710222190323294,0.9580428810088555
2,0.016739379118670242,0.006460078051815305,0.9640272274545507,0.012773315374963743
0,0.8212480133348397,0.04202077603105542,0.051731087460897746,0.085000123173207
0,0.9335182232891862,0.02151683706933694,0.024933046340358946,0.020031893301117883
0,0.8031395394382076,0.02964390996874704,0.09406601664580098,0.07315053394724416
2,0.03348933331553158,0.04190152703157675,0.4182288107475668,0.5063803289053249
2,0.10760150502912189,0.04180909726288223,0.6569542472570337,0.1936351504509622
2,0.019610763029739294,0.006627440579753252,0.9577993837762878,0.0159624126142197
2,0.013841401557072567,0.005915981516600317,0.96771383295901,0.01252878396731713
3,0.015351898311367648,0.022522877018547754,0.04138886056394706,0.9207363641061375
1,0.10701159241617203,0.704831230635018,0.05885857300800754,0.12929860394080242
0,0.8328683512942104,0.08955981041227298,0.03388761852848504,0.04368421976503166
3,0.03025617038539009,0.059967548193690344,0.1029107067884269,0.8068655746324926
2,0.021206028262814435,0.007339335690283904,0.9485032560251039,0.02295138002179769
0,0.9501324733930355,0.012565299445586584,0.021159785890713136,0.01614244127066481
1,0.009921653482176176,0.911421031335967,0.006695741309150741,0.0719615738727061
3,0.0064489740396562025,0.005498424120244887,0.010269775782551964,0.9777828260575471
3,0.01929376566408724,0.053875433044200616,0.05485811655294171,0.8719726847387704
2,0.02298131515450834,0.006498473402919955,0.9549672084593146,0.015553002983257227
3,0.031718917552537106,0.06394259022473159,0.05572161023360795,0.8486168819891233
2,0.037991653281679555,0.017931271870089208,0.9233418502118862,0.020735224636345022
2,0.009695719214339697,0.006108195135032829,0.9715282862599802,0.012667799390647312
0,0.8345387438708277,0.09277030516090153,0.06135526216289517,0.011335688805375579
1,0.009184343421260961,0.8614191528261158,0.006691662618611466,0.12270484113401194
2,0.0194338515115313,0.006048855942375823,0.9603218722518272,0.014195420294265624
0,0.9462138302520247,0.030994270310183158,0.013758454098975859,0.009033445338816334
3,0.023171696349515037,0.05599101230147139,0.06328424529889407,0.8575530460501196
2,0.022457459359638172,0.006022710758280893,0.9561115568489291,0.015408273033151763
2,0.04907498148996201,0.033660822663707506,0.878831004985672,0.03843319086065833
2,0.019772263640988618,0.005645974302457675,0.9588376786096675,0.01574408344688635
3,0.018961839315828826,0.035711775420355536,0.05967892573213779,0.885647459531678
2,0.06830650136539133,0.041022754002184685,0.7354531813877763,0.15521756324464778
2,0.03381502448940753,0.015301436326898062,0.8762377364848448,0.07464580269884974
3,0.008941270497442812,0.014732398687688707,0.018752343251750275,0.9575739875631183
0,0.8774790257416044,0.05122852661892051,0.04676146427335499,0.024530983366120196
3,0.7353037237754215,0.04213308061883026,0.1665423649303264,0.056020830675421844
3,0.017534072607591496,0.03623515171440887,0.03376248781449427,0.9124682878635053
0,0.9073275961336098,0.029547331319707826,0.01597837309096301,0.047146699455719275
2,0.0212235845531553,0.00520052527454528,0.960427293432667,0.013148596739632612
0,0.6602914213673559,0.12966087327123715,0.07485082035744757,0.1351968850039593
2,0.031717205960909066,0.01729999988450969,0.6325335906518107,0.3184492035027705
2,0.04997473500022933,0.02474949193907658,0.8824351985350005,0.04284057452569366
0,0.69258579374386,0.134885978331429,0.09021481005380556,0.08231341787090554
3,0.5533400011584257,0.15164773795344424,0.19929734136485183,0.09571491952327821
3,0.06811177071370152,0.0405906375058543,0.6871584232720035,0.20413916850844066
3,0.011823409868577358,0.021257131091514555,0.03502200175686462,0.9318974572830434
3,0.009921653482176176,0.911421031335967,0.006695741309150741,0.0719615738727061
2,0.06617379247402384,0.031113444120584942,0.8568970767082424,0.04581568669714876
1,0.06519577252175202,0.06296204606550299,0.06637017089082159,0.8054720105219234
0,0.6099534738426325,0.10929357022142118,0.153272088507435,0.12748086742851122
2,0.04106176070299164,0.031493193536475894,0.8731386619995484,0.054306383760983956
3,0.030953395901605528,0.009557632359904526,0.06184032418685939,0.8976486475516304
0,0.2145560896889534,0.05040412812629323,0.0794364706787295,0.6556033115060238
0,0.31696163715654424,0.054707454956242636,0.3853290327789736,0.24300187510823956
2,0.014254385047823124,0.006823845449116872,0.9648580625147862,0.014063706988273847
1,0.9493773711591226,0.012353378693341062,0.021734990395898234,0.016534259751638157
0,0.08025267068775081,0.18271472167204916,0.07540665668936745,0.6616259509508325
1,0.09548243657152623,0.8694828529026277,0.021638296431768383,0.013396414094077533
0,0.9399874348778859,0.01851103569349376,0.016923276031563884,0.0245782533970564
3,0.046316954235126405,0.09328481166949512,0.12330899722045623,0.7370892368749223
0,0.7924823701047223,0.08289855493918866,0.0955076965299437,0.02911137842614512
2,0.16011352933643458,0.03381039224384387,0.7874305189277665,0.018645559491955028
2,0.015416146872599559,0.006612536461335902,0.9656816699956778,0.0122896466703867
2,0.04307402284202777,0.03478076876988871,0.8650380711780964,0.05710713720998716
3,0.16771123284226086,0.06361647573200778,0.11694625847152272,0.6517260329542087
3,0.05917582970324747,0.11493594143482795,0.14106662473948398,0.6848216041224405
3,0.06506201755167583,0.5224223219444832,0.16240315400625555,0.2501125064975853
2,0.02204720361590023,0.006942972213061344,0.9557548881636708,0.01525493600736763
3,0.25988696219616525,0.06063887100775721,0.04675852974214788,0.6327156370539297
3,0.0074393137800958286,0.009660354327837748,0.019478887000646008,0.9634214448914203
1,0.5025746635776007,0.09566334338402853,0.3344788399350092,0.06728315310336161
2,0.05144615018316869,0.023696741983441513,0.8445766971261596,0.08028041070723019
3,0.012187959755727102,0.011253863167255037,0.019938564899742984,0.9566196121772748
3,0.013141786246543656,0.047433901509640705,0.03211928554412235,0.9073050266996933
2,0.029990323781637313,0.006712979424192712,0.9483591161801939,0.014937580613975984
3,0.014748809602310023,0.02763355068737849,0.07290643590689683,0.8847112038034147
2,0.10914015051598114,0.037365556059717364,0.5928216470267154,0.2606726463975861
3,0.012759270151203869,0.017039759113959524,0.016461634871703993,0.9537393358631326
2,0.10362133382758798,0.05248957000804384,0.029129345607548013,0.81475975055682
0,0.04227750822368386,0.035034348530735324,0.06675823645658178,0.8559299067889989
2,0.46582390937373136,0.06002282125423466,0.3283695555460727,0.1457837138259612
3,0.012035732715392317,0.014762373599893136,0.023293603664800898,0.9499082900199137
3,0.02649747124004068,0.06401110276667667,0.05236726723971232,0.8571241587535704
0,0.8669460044354768,0.044327987105161316,0.055774452691795595,0.03295155576756632
3,0.04558358871316584,0.03077000671060362,0.032082054579554174,0.8915643499966764
3,0.13284424320351673,0.23643781292223093,0.308156250313693,0.32256169356055936
2,0.015678384668445886,0.006479134996411557,0.963859145322734,0.013983335012408773
3,0.008160978112529456,0.008378427937541805,0.020444417194625596,0.963016176755303
2,0.014691558013953113,0.006601270866094061,0.9652041997431507,0.01350297137680222
2,0.02162323703653879,0.007194081019615865,0.9556531211686419,0.015529560775203514
2,0.020467254368387817,0.0053207555883788065,0.9598904300744209,0.014321559968812476
3,0.022987668352550724,0.04953013031429652,0.0428259266339457,0.884656274699207
1,0.7076941306677291,0.12671628925602332,0.0944309940664856,0.07115858600976195
3,0.012035732715392317,0.014762373599893136,0.023293603664800898,0.9499082900199137
3,0.041487238468662334,0.18120700039099036,0.03926360222335104,0.7380421589169962
2,0.09087938420555347,0.03695337491002935,0.6527297039532122,0.21943753693120485
2,0.020310101967343595,0.006535284449152111,0.9584799590998553,0.014674654483649064
3,0.09244252936621548,0.05144790316265806,0.14732530653017525,0.7087842609409511
3,0.019502271551860812,0.03610123829201934,0.04957590013511938,0.8948205900210006
0,0.9613703988282435,0.011526250554177822,0.018903456869532022,0.008199893748046663
3,0.08918171746290379,0.060854209716214226,0.0334692472756221,0.81649482554526
3,0.02703456120567362,0.05981428137311335,0.06834489539298906,0.8448062620282241
3,0.03530147572453863,0.021200971895231065,0.038354559945657556,0.9051429924345727
3,0.08025267068775081,0.18271472167204916,0.07540665668936745,0.6616259509508325
0,0.9399083488793049,0.013639583237593395,0.02545969865172128,0.02099236923138047
3,0.4274043547311131,0.030736897559894106,0.19962828232761104,0.3422304653813818
3,0.01750555019672539,0.024317344598280236,0.4426879990577943,0.5154891061472
3,0.04460785895586987,0.03007865809204941,0.02109565395637008,0.9042178289957106
3,0.03700264079929038,0.022951437080929785,0.05654735081720367,0.883498571302576
2,0.027065193399348424,0.007837623955453083,0.9454829747233163,0.019614207921882156
3,0.09400156176877521,0.06834987365297646,0.6726729870505203,0.16497557752772812
3,0.04703565095892646,0.009721293591284352,0.03092442965314526,0.9123186257966438
3,0.11451073468196628,0.014022083544734077,0.045295707648185926,0.8261714741251137
2,0.006559430426460121,0.003905830435439298,0.978006850686839,0.011527888451261431
3,0.012035732715392317,0.014762373599893136,0.023293603664800898,0.9499082900199137
2,0.036035356087827555,0.04156380246621846,0.45411347933741736,0.4682873621085367
2,0.20395552493817365,0.05034262994139387,0.18242078953580187,0.5632810555846306
3,0.008365344199144411,0.008971758268799025,0.009068956312780674,0.9735939412192759
3,0.19255347076074597,0.07259547058662272,0.41457235830457906,0.3202787003480522
3,0.03172774168346125,0.020393452327292123,0.052150183573568695,0.8957286224156779
0,0.9620698205220958,0.0129684134077045,0.014995211974879158,0.009966554095320556
3,0.014204633365520709,0.014279636793857943,0.026881470135047294,0.944634259705574
2,0.12266971879726625,0.0365334440630498,0.3666356598202577,0.4741611773194262
0,0.594951822135486,0.14269023652519144,0.12331462786816745,0.13904331347115498
0,0.9614578470627885,0.012573067800117485,0.013702121110183343,0.012266964026910732
2,0.04311116423714594,0.03285218775306873,0.8695883896710674,0.054448258338717956
2,0.019468589729185543,0.006482584631966207,0.9583308381879198,0.01571798745092852
3,0.012035732715392317,0.014762373599893136,0.023293603664800898,0.9499082900199137
0,0.3047488309578142,0.46362828855392624,0.13419039282512998,0.09743248766312959
0,0.9328278493483606,0.029662492525790344,0.027910751252680763,0.00959890687316819
2,0.022643494220135403,0.006755799160619301,0.9553048366390946,0.015295869980150601
2,0.01661774808463831,0.005033451697067191,0.9652841201910403,0.013064680027254305
2,0.01549115774241771,0.006406686684635991,0.9656186337795583,0.012483521793388087
3,0.007251742927912504,0.009158727268702198,0.01676473259401569,0.9668247972093695
3,0.012035732715392317,0.014762373599893136,0.023293603664800898,0.9499082900199137
3,0.011934504096017484,0.008802406651742015,0.0163792531285398,0.9628838361237008
0,0.6871614208045117,0.16813352633933915,0.10561742515133028,0.03908762770481903
3,0.006420363343875465,0.011039749579567314,0.021829137503154367,0.9607107495734029
0,0.8235559400158442,0.03426925521375894,0.06794252588603188,0.07423227888436496
1,0.09937192835974969,0.13875039369577397,0.15318147824357842,0.6086961997008979
0,0.2803358827197836,0.6931011835211097,0.017248826237503137,0.009314107521603701
3,0.011868243765639825,0.014549259167290232,0.0416164111899187,0.9319660858771512
1,0.7781584389097561,0.09318952377755625,0.041450692671573364,0.08720134464111422
2,0.009695719214339697,0.006108195135032829,0.9715282862599802,0.012667799390647312
2,0.3244525177213709,0.054453722231748776,0.4338404120061899,0.18725334804069044
2,0.017883482534819244,0.005294305548034015,0.964218098751571,0.012604113165575857
0,0.9288009768695128,0.022872996681215955,0.026740651346905984,0.02158537510236517
3,0.011996886131772747,0.01225079576955056,0.022786820021915323,0.9529654980767612
0,0.8917604680963415,0.06019428039941564,0.03407563143257613,0.013969620071666577
1,0.029409480262691273,0.7215088945255925,0.042566570556120696,0.2065150546555954
0,0.5326924499050206,0.04681369615266099,0.3096139273761475,0.11087992656617093
0,0.9389841098255942,0.019204026337712784,0.017294240657505525,0.02451762317918748
0,0.4177169965030502,0.1234793198431159,0.15064607528704171,0.30815760836679223
0,0.941316432787394,0.01387536797447172,0.024849477600644994,0.019958721637489345
3,0.015987470814286666,0.00845885549839435,0.03403751572886827,0.9415161579584507
1,0.13223780391125378,0.2332998093735429,0.3111047121771058,0.3233576745380976
2,0.05144615018316869,0.023696741983441513,0.8445766971261596,0.08028041070723019
2,0.01502980276152306,0.00672496168217675,0.9640107334194132,0.014234502136886935
3,0.005871972120715663,0.0060920119479027715,0.016305357164588568,0.971730658766793
3,0.02961885020583698,0.057284316932915504,0.10161514348721407,0.8114816893740334
2,0.04358743175964972,0.038180603366846415,0.8369241983442914,0.08130776652921247
0,0.9556831890053997,0.013000068038073081,0.021907481139253837,0.009409261817273452
2,0.25578327273719115,0.11622499633765367,0.2338504689676037,0.39414126195755156
3,0.007321185608655997,0.010388424934176866,0.017644899919412357,0.9646454895377546
3,0.007251742927912504,0.009158727268702198,0.01676473259401569,0.9668247972093695
0,0.9187689795763255,0.027730535592887632,0.03591896864634934,0.01758151618443745
0,0.7124211198501573,0.057147267474281116,0.07626015373011617,0.15417145894544546
0,0.8920520509979969,0.021018217726013096,0.03856959919689651,0.048360132079093655
0,0.9611177541047374,0.013586251345111152,0.015152269330044795,0.010143725220106708
3,0.2684404401513011,0.072162167123271,0.29357924802199814,0.3658181447034298
0,0.9281831902102565,0.0350061784143004,0.014742503195657859,0.022068128179785134
1,0.17975499009589554,0.3597338061332681,0.35959235538464385,0.10091884838619257
2,0.036719326092218584,0.023909153609298666,0.8365485938283949,0.10282292647008784
0,0.896381080793033,0.04286237650821553,0.038538770327577444,0.022217772371174033
3,0.01074829904353535,0.007307934188156738,0.014483001345921186,0.9674607654223868
3,0.008941270497442812,0.014732398687688707,0.018752343251750275,0.9575739875631183
2,0.022081177648433065,0.0069542534498246615,0.9566280001536538,0.01433656874808848
3,0.08162060282788987,0.09431082892716439,0.21823122753474308,0.6058373407102026
0,0.5680692555382796,0.39028520181676885,0.02557688286860548,0.016068659776346153
3,0.08001171690190964,0.06711825194253612,0.1062440764961959,0.7466259546593582
3,0.01098344599041875,0.010962486252350733,0.018951361542096555,0.959102706215134
2,0.08872029468454627,0.03284811831876846,0.7444776741231491,0.13395391287353617
0,0.887328780711305,0.03422180794690361,0.061599518334046234,0.016849893007745184
2,0.2468264522957022,0.07327528638959852,0.4378129191318692,0.24208534218283007
0,0.94004078302627,0.02766657835107235,0.02371191742903541,0.008580721193622068
3,0.11772523044401498,0.04456773811452302,0.6742750588215736,0.16343197261988848
3,0.010797141296252971,0.03419273301072511,0.021207357120480365,0.9338027685725415
0,0.9423842978336812,0.017994842012781193,0.015989578275961553,0.02363128187757614
3,0.10546242581908497,0.06288734695754776,0.11607257112092728,0.7155776561024401
0,0.9264973472604033,0.026189122649716803,0.03888454007300536,0.008428990016874425
1,0.009184343421260961,0.8614191528261158,0.006691662618611466,0.12270484113401194
3,0.30336911622881985,0.1440782398848929,0.4037226095133901,0.14883003437289705
2,0.013510918603930583,0.00608449860845022,0.9667114959297751,0.013693086857843992
2,0.05208134532546001,0.044510635840432515,0.6206269032259017,0.28278111560820574
2,0.02076459725426329,0.0063686479164469035,0.958989719696147,0.013877035133142803
1,0.17435356066951727,0.5015350156956278,0.25646461951623206,0.06764680411862295
0,0.06783225293962258,0.03066312088019446,0.6921251414116043,0.20937948476857868
3,0.10494253456389226,0.06361140546305072,0.11738535645991977,0.7140607035131372
3,0.012159175530622396,0.012858310934313598,0.0238165887806896,0.9511659247543743
0,0.9458107838556019,0.014001085319878022,0.02644140895631815,0.01374672186820186
2,0.05992425897104843,0.033430855910771724,0.881882433495549,0.024762451622630872
2,0.022737409282979234,0.005565780621490242,0.9576689471842635,0.014027862911267164
3,0.012619532842114603,0.014774637242359799,0.020362632093253223,0.9522431978222724
3,0.016617998930526828,0.008824272592358904,0.03198712587091388,0.9425706026062004
3,0.012035732715392317,0.014762373599893136,0.023293603664800898,0.9499082900199137
1,0.009921653482176176,0.911421031335967,0.006695741309150741,0.0719615738727061
0,0.2803358827197836,0.6931011835211097,0.017248826237503137,0.009314107521603701
1,0.009184343421260961,0.8614191528261158,0.006691662618611466,0.12270484113401194
0,0.9423842978336812,0.017994842012781193,0.015989578275961553,0.02363128187757614
1,0.03595130352425555,0.9292540987344278,0.015425265781093388,0.019369331960223286
3,0.006266977632181856,0.012261020482470448,0.037083107319563144,0.9443888945657845
3,0.02185764147761186,0.04772440688624998,0.04435740379899901,0.8860605478371392
0,0.9433435295109929,0.022051332614779196,0.019186049673289657,0.015419088200938348
3,0.018528470131105437,0.008976859484277887,0.03714253217449841,0.9353521382101183
2,0.006559430426460121,0.003905830435439298,0.978006850686839,0.011527888451261431
0,0.9618323000737005,0.02034705291611121,0.011310348258112302,0.006510298752076076
0,0.9391380064718322,0.01874787474998582,0.017539863199701973,0.02457425557847996
2,0.051131308121237624,0.022710345754710332,0.8484098366607099,0.07774850946334211
3,0.16798223884390254,0.016354803132573426,0.05011521636690675,0.7655477416566174
0,0.2803358827197836,0.6931011835211097,0.017248826237503137,0.009314107521603701
2,0.03454782892400408,0.015666934434965828,0.8744790240619826,0.07530621257904734
3,0.006714173657117375,0.011090873531056316,0.028334210855924486,0.9538607419559018
0,0.953267308925855,0.01637462703498942,0.012348999569036635,0.018009064470118838
3,0.008456886651769094,0.011131196670247829,0.014329853632005474,0.9660820630459775
0,0.8833168281263272,0.030163600013802066,0.0736846009743484,0.012834970885522271
2,0.014191591498892929,0.006001120002011457,0.9669946342834236,0.012812654215672136
3,0.012035732715392317,0.014762373599893136,0.023293603664800898,0.9499082900199137
3,0.016660185153094628,0.009037653929231863,0.03294370326823005,0.9413584576494434
3,0.1299788108436096,0.09291450144363982,0.4236117723290836,0.35349491538366695
1,0.009921653482176176,0.911421031335967,0.006695741309150741,0.0719615738727061
2,0.015081957487431859,0.006303304533240882,0.9664139336308063,0.012200804348520965
2,0.03572442206608772,0.017008271007353658,0.9266387096886687,0.020628597237889776
1,0.66154288535952,0.058160843381812176,0.23440473096620537,0.04589154029246252
0,0.9631534523106041,0.012638757988157582,0.014524670422927275,0.009683119278311041
3,0.007578166148881137,0.007724073780504444,0.019490296458322644,0.9652074636122918
1,0.009184343421260961,0.8614191528261158,0.006691662618611466,0.12270484113401194
0,0.8208002905208881,0.11407152865678913,0.04076137831391063,0.0243668025084121
0,0.9572435503656108,0.012639112624064983,0.021105402676598564,0.00901193433372551
3,0.039418777849145284,0.02446480489272169,0.059167683866727654,0.8769487333914053
0,0.9533561706410397,0.014987482179095558,0.01323009374683776,0.018426253433026958
0,0.9597894777632519,0.011850414309872494,0.019832267118651454,0.008527840808224212
3,0.01784097324093802,0.0296269851491164,0.20632287076918351,0.7462091708407621
3,0.15338032490640566,0.1244753150568229,0.0699595907889257,0.6521847692478457
3,0.009060959561004153,0.017667665602724265,0.03256664533203179,0.9407047295042398
2,0.02881247613950569,0.016055638129576225,0.9130902418927708,0.04204164383814742
2,0.0646724380886216,0.009434670541433815,0.9012399032332078,0.024652988136736786
0,0.9492198158118681,0.016347386671115648,0.013917333372813138,0.02051546414420303
2,0.08364702292096338,0.017302766484907427,0.7944694464391181,0.10458076415501119
2,0.9014202720813923,0.04072982537255763,0.0379803147590694,0.019869587786980936
3,0.08273282468443934,0.034529613433064585,0.05805304336449449,0.8246845185180016
0,0.9389783648657644,0.018872688253304057,0.029125428963753208,0.013023517917178484
2,0.009695719214339697,0.006108195135032829,0.9715282862599802,0.012667799390647312
2,0.023200807864811348,0.005969876082487026,0.9444693061580236,0.026360009894677905
2,0.006559430426460121,0.003905830435439298,0.978006850686839,0.011527888451261431
0,0.896381080793033,0.04286237650821553,0.038538770327577444,0.022217772371174033
0,0.8997350924896513,0.029665403889010428,0.01824710775093449,0.05235239587040377
1,0.09127196191178606,0.892733672118871,0.007944725291089624,0.008049640678253278
2,0.058119717584819416,0.05866814828069823,0.5251526205414471,0.35805951359303534
3,0.018325106130836016,0.011172073355210612,0.02723587180943417,0.9432669487045192
3,0.1021701072380689,0.20986056451265117,0.2044300906815197,0.4835392375677602
3,0.04174901856107429,0.009342749577824551,0.029945275152943276,0.918962956708158
0,0.9276806504428655,0.025578014146354543,0.03088941351302206,0.01585192189775777
2,0.8388283431893097,0.015511417202984204,0.11306294537092224,0.03259729423678388
3,0.01074829904353535,0.007307934188156738,0.014483001345921186,0.9674607654223868
0,0.624996940424626,0.2859115026295317,0.06874416848575579,0.020347388460086383
0,0.9641650581470264,0.02011063746075636,0.010156950046099256,0.00556735434611804
3,0.008785507851327113,0.011022760596317934,0.020579991677699402,0.9596117398746556
2,0.40744595715888426,0.3262624995982114,0.11584739351301465,0.1504441497298897
0,0.8837823720446163,0.03270056255521475,0.025238091774746663,0.05827897362542217
2,0.02050281772006773,0.006094435389648258,0.9579342676506574,0.015468479239626716
3,0.008186118945269874,0.012153377440955767,0.021404124518415005,0.9582563790953593
3,0.012035732715392317,0.014762373599893136,0.023293603664800898,0.9499082900199137
1,0.7652640341147323,0.037918273117611104,0.11032560522154848,0.08649208754610795
1,0.009921653482176176,0.911421031335967,0.006695741309150741,0.0719615738727061
2,0.006611602861074321,0.003902319481332981,0.9776927549620947,0.011793322695498007
1,0.5860010168861621,0.2552121255949442,0.08002668010201537,0.07876017741687828
0,0.025067016796294573,0.0061608787972757175,0.945284931717701,0.02348717268872866
3,0.050332484729613616,0.02807466443275646,0.0433411063923278,0.8782517444453022
0,0.7859814944454666,0.09208941992160183,0.040582690251181365,0.08134639538175008
0,0.9072378824294987,0.023525509196492145,0.049299498434145904,0.01993710993986324
0,0.9197550345556411,0.02493130282803677,0.034993896210783686,0.020319766405538623
0,0.6800941176919867,0.06680230737656742,0.08560710069056768,0.1674964742408782
3,0.008761569590728843,0.012202075517323703,0.020624932856017096,0.9584114220359303
2,0.10850713668909111,0.04385227956765598,0.6528861967213692,0.1947543870218837
0,0.09736564916086314,0.0296788816660013,0.7729294262836046,0.10002604288953107
0,0.8352643243467027,0.03884516195057988,0.06623323897184481,0.059657274730872664
2,0.15546151165289684,0.0867872132820094,0.6100986147484199,0.1476526603166738
3,0.09324941668013285,0.09008440114377934,0.0980405204256815,0.7186256617504063
1,0.3143186245312237,0.1912875326555744,0.41601473154872787,0.07837911126447397
1,0.09548243657152623,0.8694828529026277,0.021638296431768383,0.013396414094077533
3,0.021159366977307737,0.047928439306578634,0.04319490734904413,0.8877172863670696
2,0.07640345143827362,0.02287504178127439,0.7478880042694334,0.15283350251101865
2,0.0279117403824049,0.006211131633586215,0.942804269694293,0.02307285828971583
3,0.023279249550416506,0.03403865337210357,0.24933471520708103,0.6933473818703988
3,0.007602748180684952,0.008071965589599049,0.01951857332170483,0.964806712908011
0,0.896381080793033,0.04286237650821553,0.038538770327577444,0.022217772371174033
2,0.009695719214339697,0.006108195135032829,0.9715282862599802,0.012667799390647312
0,0.34443730346086876,0.047767676925946544,0.4915581673575158,0.11623685225566886
1,0.009184343421260961,0.8614191528261158,0.006691662618611466,0.12270484113401194
2,0.01465592584961449,0.006547228240856308,0.9659541445910959,0.012842701318433259
0,0.5209584419783073,0.05371584748983105,0.07465865490123538,0.3506670556306262
3,0.019530665527973872,0.007262723999591432,0.03828131906535138,0.9349252914070832
3,0.049623843247798394,0.010008272188601126,0.03134397997007859,0.909023904593522
1,0.16313670911289965,0.7991549856045846,0.02361049542895881,0.014097809853556938
2,0.01349128078290937,0.029650117237122436,0.06329641106595732,0.8935621909140109
3,0.06824328638332666,0.06582480126207865,0.06969931413078852,0.7962325982238061
2,0.019437771466961493,0.006458540303519705,0.9586882737176773,0.015415414511841334
2,0.02018651275448408,0.006160236646593342,0.9587721975290734,0.014881053069849099
3,0.10491140885108345,0.044144056952059876,0.6471563537288919,0.20378818046796476
2,0.26253550892368416,0.12027729066797695,0.48413163894832234,0.13305556146001654
3,0.014812811282021278,0.028706343295680302,0.049120193335272934,0.9073606520870254
1,0.009184343421260961,0.8614191528261158,0.006691662618611466,0.12270484113401194
3,0.015473090024395167,0.033879871285888125,0.0330954283479579,0.9175516103417588
2,0.2904873517784185,0.07151602481100705,0.4399322842220291,0.1980643391885453
2,0.12992542683694086,0.04459992121194529,0.7163423934867674,0.10913225846434632
3,0.01259579261329612,0.01514520264758918,0.02392289433868332,0.9483361104004314
0,0.9087748048839858,0.03554113685251924,0.03179855962513636,0.023885498638358583
2,0.02193713839655942,0.006589861368005451,0.9564640491447014,0.01500895109073384
3,0.021128690235678333,0.008641854827310206,0.03802436973863428,0.9322050851983773
3,0.10461723733740318,0.06313866512334129,0.7808038717138763,0.05144022582537913
2,0.08910175723124245,0.03594160772288004,0.6781026615751354,0.19685397347074196
3,0.01173303678266883,0.008339334627651783,0.015549450087383957,0.9643781785022953
0,0.8623072251380022,0.07949022313574365,0.041797582719849784,0.01640496900640433
1,0.08451362099873294,0.4657491993135546,0.31707382473566487,0.1326633549520477
3,0.3887947888546214,0.15599928790258988,0.2857370291119615,0.16946889413082708
0,0.704335063210366,0.27428235413665514,0.013834383056359941,0.0075481995966189906
3,0.012055008649226389,0.022290653657527467,0.03700031599780403,0.928654021695442
0,0.5964451794739702,0.10519438549943398,0.24120724178071398,0.057153193245881695
3,0.014497479309979433,0.021290289780618327,0.20333463277752628,0.7608775981318758
2,0.027095711103475598,0.00691883338526027,0.9493868346210501,0.016598620890214227
3,0.02318323754247314,0.05165040044618138,0.04455242327678159,0.8806139387345638
0,0.15186973530621786,0.09116808687766634,0.07284777358923446,0.6841144042268813
2,0.0196213162723651,0.0064881229683497466,0.9579226040571608,0.015967956702124468
3,0.02819705122972992,0.04934153346292623,0.03975358380172023,0.8827078315056237
2,0.019610763029739294,0.006627440579753252,0.9577993837762878,0.0159624126142197
3,0.007132729161938313,0.009390256480394247,0.012293689066765682,0.9711833252909017
3,0.013981990349289737,0.03395809589343764,0.03615926238592535,0.9159006513713472
2,0.014487184099739783,0.0058668173661347465,0.9583066547966533,0.021339343737472
0,0.9181083179039826,0.02135632130328551,0.0429097614098815,0.017625599382850344
1,0.13276236211766562,0.6495410238594226,0.05014458072363533,0.1675520332992765
1,0.03595130352425555,0.9292540987344278,0.015425265781093388,0.019369331960223286
3,0.019037914357346725,0.025162125662639798,0.05103403033865624,0.9047659296413573
0,0.8270904973528248,0.1182480555809895,0.033324464964804956,0.021336982101380794
2,0.5949741798761388,0.060871892637986494,0.16969922308692642,0.17445470439894845
3,0.04670024933217201,0.009559225792616642,0.03016329024417365,0.9135772346310378
2,0.019803165990141463,0.010415876958475016,0.9294851760539965,0.04029578099738711
2,0.0194338515115313,0.006048855942375823,0.9603218722518272,0.014195420294265624
3,0.018669532410661657,0.027266426969365907,0.0405688450209157,0.9134951955990567
3,0.08617987445610274,0.05711805776654514,0.104274464046474,0.752427603730878
3,0.03339526178293092,0.5138580025830104,0.09174198049054845,0.3610047551435102
2,0.23350714046791296,0.10317511293950123,0.257572987343382,0.40574475924920383
3,0.019758418120108916,0.030448284882064518,0.02820073096061812,0.9215925660372084
2,0.01618658122902708,0.00797232229131255,0.9599955382983457,0.015845558181314782
0,0.21166986342221564,0.17177605460102982,0.11345277229710417,0.5031013096796504
2,0.035721416323109025,0.012906016244050784,0.9085495249674643,0.04282304246537592
0,0.5601577834294036,0.15617143218296253,0.19244806801518105,0.091222716372453
3,0.01900483861084195,0.009944159558902226,0.035136652775423285,0.9359143490548325
2,0.028305343725330997,0.012090984413105198,0.8672850654529646,0.09231860640859922
3,0.014553438917061972,0.015492860325136512,0.028542482239138717,0.9414112185186628
2,0.14468749375269818,0.08879132961039131,0.7161960514658838,0.05032512517102663
2,0.08968789439684187,0.02957820299624467,0.8033516707000701,0.0773822319068434
3,0.22739887457938543,0.09174004882733472,0.06223981783180023,0.6186212587614796
0,0.9371274552428208,0.023447989900586056,0.03263947889527323,0.006785075961319867
3,0.02380697090641535,0.031485217192587046,0.028702851679686586,0.916004960221311
3,0.03734564116035214,0.06733584954707642,0.11077460373838571,0.7845439055541857
3,0.048514477852456855,0.009359785349394013,0.03050355651156602,0.9116221802865832
2,0.03907416608449193,0.009845882267374772,0.9153264214536281,0.035753530194505154
3,0.011357997200874114,0.03467710343218445,0.022853508581869877,0.9311113907850715
2,0.02023137963521879,0.006396275622141707,0.9588210830115694,0.014551261731070122
0,0.8924661368999837,0.012976859361594702,0.07181379227165059,0.022743211466771145
